**Sentence**: *She worked hard to make the things better*

#### Two Word Distance
--knet  
[0.0 1.1077732 1.914422 2.6747954 2.6711414 4.7442455 3.523358 3.3203106; 
1.1077732 0.0 1.1215532 1.7199787 1.4132619 2.5567684 1.7967601 2.055707; 
1.914422 1.1215532 0.0 2.5581493 2.846912 3.9786115 3.2764077 2.932577; 
2.6747954 1.7199787 2.5581493 0.0 1.095568 2.9978511 2.587318 2.3937328; 
2.6711414 1.4132619 2.846912 1.095568 0.0 2.0591376 1.3594549 1.6640859; 
4.7442455 2.5567684 3.9786115 2.9978511 2.0591376 0.0 1.4213357 2.881109;
3.523358 1.7967601 3.2764077 2.587318 1.3594549 1.4213357 0.0 1.782876; 
3.3203106 2.055707 2.932577 2.3937328 1.6640859 2.881109 1.782876 0.0]

--torch  
0.        1.1077728 1.914422  2.6747959 2.6711404 4.7442436 3.523357   3.3203106
1.1077728 0.        1.121553  1.7199793 1.413262  2.5567682 1.7967596  2.0557077
1.914422  1.121553  0.        2.5581503 2.8469124 3.978611  3.276408   2.9325771
2.6747959 1.7199793 2.5581503 0.        1.0955681 2.9978507 2.5873177  2.393733 
2.6711404 1.413262  2.8469124 1.0955681 0.        2.0591369 1.3594549  1.6640863
4.7442436 2.5567682 3.978611  2.9978507 2.0591369 0.        1.4213358  2.881109 
3.523357  1.7967596 3.276408  2.5873177 1.3594549 1.4213358 0.         1.7828763
3.3203106 2.0557077 2.9325771 2.393733  1.6640863 2.881109  1.7828763  0.

---

#### One Word Depth
--knet  
Any[1.1062641f0, 0.38191816f0, 1.0241435f0, 2.0528893f0, 1.5450966f0, 3.0605073f0, 1.786104f0, 1.8648107f0]

--torch  
1.1062646  0.38191816     1.0241435    2.0528889    1.5450956    3.0605078    1.7861043   1.8648095
